%YAML:1.0
---
CameraMat: !!opencv-matrix
   rows: 3
   cols: 3
   dt: d
   data: [4.2643797003248977e+02, 0.000000000000e+00, 3.2472315448705064e+02, 0.000000000000e+00, 4.2709516917878517e+02, 2.4098915764886888e+02, 0.000000000000e+00, 0.000000000000e+00, 1.000000000000e+00 ]
DistCoeff: !!opencv-matrix
   rows: 1
   cols: 5
   dt: d
   data: [ 1.9334083659029117e-01, -2.5656409314840734e-01, -4.8002823171585941e-04, 1.6897782639234936e-03, 1.0843695977336168e-01 ]
ImageSize: [ 640, 480 ]
CameraExtrinsicMat: !!opencv-matrix
   rows: 4
   cols: 4
   dt: d
   data: [ -0.006878330000041679, -0.9999690000187765, 0.003857233026486207, 0.0291644998626092, -7.737178278967694e-05, -0.003856790000415888, -0.9999929999883271, 0.0456951999962032, 0.9999760000304518, -0.006878575573209061, -5.084109625929387e-05, -0.1901800001300582, 0, 0, 0, 1 ]

   
